
SUMMARISING RUN PARAMETERS
==========================
Input filename: /home/nikita.arya/GG20_analysis_NEW/raw_reads/51207407721-Stage-4-seeds-NCGM-4188_L001_R2_001.fastq.gz
Trimming mode: paired-end
Trim Galore version: 0.6.10
Cutadapt version: 5.2
Python version: could not detect
Number of cores used for trimming: 4
Quality Phred score cutoff: 20
Quality encoding type selected: ASCII+33
Using Illumina adapter for trimming (count: 117777). Second best hit was smallRNA (count: 6)
Adapter sequence: 'AGATCGGAAGAGC' (Illumina TruSeq, Sanger iPCR; auto-detected)
Maximum trimming error rate: 0.1 (default)
Minimum required adapter overlap (stringency): 1 bp
Minimum required sequence length for both reads before a sequence pair gets removed: 20 bp
Running FastQC on the data once trimming has completed
Output file will be GZIP compressed


This is cutadapt 5.2 with Python 3.12.12
Command line parameters: -j 4 -e 0.1 -q 20 -O 1 -a AGATCGGAAGAGC /home/nikita.arya/GG20_analysis_NEW/raw_reads/51207407721-Stage-4-seeds-NCGM-4188_L001_R2_001.fastq.gz
Processing single-end reads on 4 cores ...

=== Summary ===

Total reads processed:              68,181,858
Reads with adapters:                33,323,847 (48.9%)
Reads written (passing filters):    68,181,858 (100.0%)

Total basepairs processed: 10,227,278,700 bp
Quality-trimmed:               1,347,573 bp (0.0%)
Total written (filtered):  9,932,520,111 bp (97.1%)

=== Adapter 1 ===

Sequence: AGATCGGAAGAGC; Type: regular 3'; Length: 13; Trimmed: 33323847 times

Minimum overlap: 1
No. of allowed errors:
1-9 bp: 0; 10-13 bp: 1

Bases preceding removed adapters:
  A: 28.1%
  C: 27.0%
  G: 31.3%
  T: 13.5%
  none/other: 0.0%

Overview of removed sequences
length	count	expect	max.err	error counts
1	14835855	17045464.5	0	14835855
2	4733880	4261366.1	0	4733880
3	1909639	1065341.5	0	1909639
4	689777	266335.4	0	689777
5	461579	66583.8	0	461579
6	397174	16646.0	0	397174
7	389448	4161.5	0	389448
8	380885	1040.4	0	380885
9	373443	260.1	0	369713 3730
10	372502	65.0	1	364575 7927
11	355677	16.3	1	348155 7522
12	355281	4.1	1	349081 6200
13	337862	1.0	1	332640 5222
14	352610	1.0	1	345976 6634
15	331988	1.0	1	326889 5099
16	329861	1.0	1	324470 5391
17	332461	1.0	1	326597 5864
18	308944	1.0	1	304310 4634
19	312339	1.0	1	306698 5641
20	291876	1.0	1	287777 4099
21	285489	1.0	1	281008 4481
22	277198	1.0	1	273129 4069
23	267384	1.0	1	263283 4101
24	263096	1.0	1	258613 4483
25	248946	1.0	1	245511 3435
26	244982	1.0	1	241164 3818
27	237735	1.0	1	234028 3707
28	224704	1.0	1	221321 3383
29	216795	1.0	1	213822 2973
30	209365	1.0	1	206291 3074
31	187187	1.0	1	184822 2365
32	190281	1.0	1	187235 3046
33	166771	1.0	1	164645 2126
34	168320	1.0	1	165816 2504
35	168186	1.0	1	165510 2676
36	147342	1.0	1	145500 1842
37	147069	1.0	1	145050 2019
38	144120	1.0	1	141952 2168
39	123383	1.0	1	121863 1520
40	123400	1.0	1	121597 1803
41	110224	1.0	1	108847 1377
42	104477	1.0	1	103067 1410
43	94102	1.0	1	92976 1126
44	92507	1.0	1	91138 1369
45	80634	1.0	1	79595 1039
46	73356	1.0	1	72356 1000
47	74496	1.0	1	73440 1056
48	57817	1.0	1	57034 783
49	58562	1.0	1	57724 838
50	55671	1.0	1	54976 695
51	51742	1.0	1	51021 721
52	48491	1.0	1	47591 900
53	43571	1.0	1	42984 587
54	41836	1.0	1	41211 625
55	37127	1.0	1	36675 452
56	36356	1.0	1	35860 496
57	37853	1.0	1	37270 583
58	26914	1.0	1	26547 367
59	27749	1.0	1	27289 460
60	25710	1.0	1	25336 374
61	21173	1.0	1	20857 316
62	20743	1.0	1	20442 301
63	19229	1.0	1	19016 213
64	15879	1.0	1	15534 345
65	15149	1.0	1	14939 210
66	13374	1.0	1	13131 243
67	11822	1.0	1	11552 270
68	11295	1.0	1	11134 161
69	9544	1.0	1	9409 135
70	7846	1.0	1	7655 191
71	7464	1.0	1	7161 303
72	6964	1.0	1	6849 115
73	6732	1.0	1	6504 228
74	5965	1.0	1	5836 129
75	5218	1.0	1	5135 83
76	5009	1.0	1	4872 137
77	4635	1.0	1	4489 146
78	4262	1.0	1	4171 91
79	4315	1.0	1	4138 177
80	4027	1.0	1	3910 117
81	3571	1.0	1	3395 176
82	3217	1.0	1	3154 63
83	2872	1.0	1	2804 68
84	2631	1.0	1	2578 53
85	2251	1.0	1	2107 144
86	2370	1.0	1	2293 77
87	1992	1.0	1	1950 42
88	2012	1.0	1	1950 62
89	2024	1.0	1	1792 232
90	1782	1.0	1	1683 99
91	1627	1.0	1	1559 68
92	1579	1.0	1	1487 92
93	1494	1.0	1	1382 112
94	1162	1.0	1	1125 37
95	1121	1.0	1	1083 38
96	1001	1.0	1	952 49
97	1124	1.0	1	1006 118
98	1059	1.0	1	827 232
99	879	1.0	1	805 74
100	825	1.0	1	781 44
101	961	1.0	1	842 119
102	713	1.0	1	670 43
103	711	1.0	1	618 93
104	560	1.0	1	492 68
105	461	1.0	1	425 36
106	357	1.0	1	266 91
107	334	1.0	1	283 51
108	317	1.0	1	205 112
109	296	1.0	1	248 48
110	296	1.0	1	259 37
111	223	1.0	1	169 54
112	361	1.0	1	266 95
113	219	1.0	1	151 68
114	368	1.0	1	196 172
115	218	1.0	1	95 123
116	279	1.0	1	206 73
117	190	1.0	1	147 43
118	141	1.0	1	102 39
119	140	1.0	1	89 51
120	159	1.0	1	124 35
121	128	1.0	1	67 61
122	130	1.0	1	94 36
123	180	1.0	1	83 97
124	161	1.0	1	89 72
125	290	1.0	1	65 225
126	142	1.0	1	64 78
127	104	1.0	1	59 45
128	112	1.0	1	75 37
129	220	1.0	1	73 147
130	110	1.0	1	70 40
131	125	1.0	1	94 31
132	164	1.0	1	124 40
133	118	1.0	1	71 47
134	194	1.0	1	135 59
135	362	1.0	1	155 207
136	210	1.0	1	156 54
137	242	1.0	1	186 56
138	202	1.0	1	157 45
139	155	1.0	1	130 25
140	190	1.0	1	139 51
141	248	1.0	1	185 63
142	131	1.0	1	105 26
143	187	1.0	1	130 57
144	198	1.0	1	176 22
145	181	1.0	1	128 53
146	202	1.0	1	163 39
147	345	1.0	1	77 268
148	83	1.0	1	6 77
149	54	1.0	1	0 54
150	108	1.0	1	0 108

RUN STATISTICS FOR INPUT FILE: /home/nikita.arya/GG20_analysis_NEW/raw_reads/51207407721-Stage-4-seeds-NCGM-4188_L001_R2_001.fastq.gz
=============================================
68181858 sequences processed in total

Total number of sequences analysed for the sequence pair length validation: 68181858

Number of sequence pairs removed because at least one read was shorter than the length cutoff (20 bp): 6230 (0.01%)
