
SUMMARISING RUN PARAMETERS
==========================
Input filename: /home/nikita.arya/GG20_analysis_NEW/raw_reads/51207407722-pegs-NCGM-4188_L001_R1_001.fastq.gz
Trimming mode: paired-end
Trim Galore version: 0.6.10
Cutadapt version: 5.2
Python version: could not detect
Number of cores used for trimming: 4
Quality Phred score cutoff: 20
Quality encoding type selected: ASCII+33
Using Illumina adapter for trimming (count: 88076). Second best hit was smallRNA (count: 8)
Adapter sequence: 'AGATCGGAAGAGC' (Illumina TruSeq, Sanger iPCR; auto-detected)
Maximum trimming error rate: 0.1 (default)
Minimum required adapter overlap (stringency): 1 bp
Minimum required sequence length for both reads before a sequence pair gets removed: 20 bp
Running FastQC on the data once trimming has completed
Output file will be GZIP compressed


This is cutadapt 5.2 with Python 3.12.12
Command line parameters: -j 4 -e 0.1 -q 20 -O 1 -a AGATCGGAAGAGC /home/nikita.arya/GG20_analysis_NEW/raw_reads/51207407722-pegs-NCGM-4188_L001_R1_001.fastq.gz
Processing single-end reads on 4 cores ...

=== Summary ===

Total reads processed:              35,043,064
Reads with adapters:                15,062,194 (43.0%)
Reads written (passing filters):    35,043,064 (100.0%)

Total basepairs processed: 5,256,459,600 bp
Quality-trimmed:                 503,903 bp (0.0%)
Total written (filtered):  5,141,851,323 bp (97.8%)

=== Adapter 1 ===

Sequence: AGATCGGAAGAGC; Type: regular 3'; Length: 13; Trimmed: 15062194 times

Minimum overlap: 1
No. of allowed errors:
1-9 bp: 0; 10-13 bp: 1

Bases preceding removed adapters:
  A: 28.2%
  C: 30.9%
  G: 22.1%
  T: 18.8%
  none/other: 0.0%

Overview of removed sequences
length	count	expect	max.err	error counts
1	7632558	8760766.0	0	7632558
2	2019969	2190191.5	0	2019969
3	694327	547547.9	0	694327
4	282386	136887.0	0	282386
5	220414	34221.7	0	220414
6	169635	8555.4	0	169635
7	167747	2138.9	0	167747
8	163836	534.7	0	163836
9	155732	133.7	0	154958 774
10	159279	33.4	1	156664 2615
11	148512	8.4	1	146520 1992
12	151807	2.1	1	149398 2409
13	142967	0.5	1	140481 2486
14	144217	0.5	1	141627 2590
15	140066	0.5	1	137561 2505
16	136906	0.5	1	134546 2360
17	133095	0.5	1	130769 2326
18	128886	0.5	1	126725 2161
19	121686	0.5	1	119787 1899
20	114007	0.5	1	112319 1688
21	110709	0.5	1	109019 1690
22	111877	0.5	1	110092 1785
23	103979	0.5	1	102475 1504
24	100991	0.5	1	99446 1545
25	98386	0.5	1	96959 1427
26	94552	0.5	1	93173 1379
27	90771	0.5	1	89408 1363
28	84887	0.5	1	83664 1223
29	82034	0.5	1	80854 1180
30	77623	0.5	1	76506 1117
31	72024	0.5	1	71061 963
32	70826	0.5	1	69837 989
33	63304	0.5	1	62422 882
34	60546	0.5	1	59752 794
35	58622	0.5	1	57807 815
36	53921	0.5	1	53158 763
37	51981	0.5	1	51318 663
38	49298	0.5	1	48661 637
39	46529	0.5	1	45966 563
40	42002	0.5	1	41488 514
41	40057	0.5	1	39527 530
42	38615	0.5	1	38129 486
43	33053	0.5	1	32627 426
44	31321	0.5	1	30934 387
45	28368	0.5	1	28015 353
46	25414	0.5	1	25133 281
47	25356	0.5	1	25008 348
48	23060	0.5	1	22763 297
49	20891	0.5	1	20620 271
50	19174	0.5	1	18926 248
51	17612	0.5	1	17396 216
52	17092	0.5	1	16887 205
53	14874	0.5	1	14714 160
54	14368	0.5	1	14198 170
55	12969	0.5	1	12807 162
56	12350	0.5	1	12182 168
57	11566	0.5	1	11411 155
58	10837	0.5	1	10695 142
59	9981	0.5	1	9820 161
60	8734	0.5	1	8597 137
61	8018	0.5	1	7872 146
62	7287	0.5	1	7199 88
63	6552	0.5	1	6469 83
64	5955	0.5	1	5867 88
65	5383	0.5	1	5292 91
66	4890	0.5	1	4815 75
67	4313	0.5	1	4254 59
68	4060	0.5	1	3998 62
69	3808	0.5	1	3735 73
70	3142	0.5	1	3092 50
71	2991	0.5	1	2924 67
72	2838	0.5	1	2775 63
73	2771	0.5	1	2663 108
74	2437	0.5	1	2369 68
75	2075	0.5	1	2019 56
76	1952	0.5	1	1921 31
77	1775	0.5	1	1750 25
78	1730	0.5	1	1707 23
79	1563	0.5	1	1546 17
80	1370	0.5	1	1357 13
81	1348	0.5	1	1322 26
82	1260	0.5	1	1221 39
83	1144	0.5	1	1106 38
84	1000	0.5	1	980 20
85	875	0.5	1	823 52
86	830	0.5	1	792 38
87	784	0.5	1	754 30
88	703	0.5	1	672 31
89	687	0.5	1	664 23
90	662	0.5	1	633 29
91	612	0.5	1	589 23
92	580	0.5	1	557 23
93	486	0.5	1	459 27
94	448	0.5	1	421 27
95	448	0.5	1	405 43
96	419	0.5	1	396 23
97	420	0.5	1	389 31
98	334	0.5	1	311 23
99	317	0.5	1	293 24
100	276	0.5	1	264 12
101	274	0.5	1	253 21
102	276	0.5	1	240 36
103	221	0.5	1	205 16
104	191	0.5	1	165 26
105	127	0.5	1	108 19
106	157	0.5	1	120 37
107	157	0.5	1	117 40
108	116	0.5	1	95 21
109	126	0.5	1	92 34
110	79	0.5	1	51 28
111	88	0.5	1	72 16
112	77	0.5	1	61 16
113	67	0.5	1	52 15
114	67	0.5	1	49 18
115	79	0.5	1	46 33
116	72	0.5	1	58 14
117	91	0.5	1	63 28
118	87	0.5	1	44 43
119	47	0.5	1	33 14
120	65	0.5	1	32 33
121	60	0.5	1	39 21
122	58	0.5	1	35 23
123	46	0.5	1	28 18
124	58	0.5	1	37 21
125	50	0.5	1	28 22
126	57	0.5	1	24 33
127	51	0.5	1	35 16
128	57	0.5	1	42 15
129	54	0.5	1	41 13
130	42	0.5	1	26 16
131	60	0.5	1	38 22
132	60	0.5	1	42 18
133	60	0.5	1	45 15
134	86	0.5	1	49 37
135	89	0.5	1	70 19
136	81	0.5	1	59 22
137	91	0.5	1	68 23
138	97	0.5	1	72 25
139	82	0.5	1	62 20
140	88	0.5	1	59 29
141	206	0.5	1	128 78
142	100	0.5	1	68 32
143	96	0.5	1	74 22
144	134	0.5	1	118 16
145	104	0.5	1	84 20
146	156	0.5	1	130 26
147	133	0.5	1	78 55
148	65	0.5	1	15 50
149	61	0.5	1	0 61
150	219	0.5	1	2 217

RUN STATISTICS FOR INPUT FILE: /home/nikita.arya/GG20_analysis_NEW/raw_reads/51207407722-pegs-NCGM-4188_L001_R1_001.fastq.gz
=============================================
35043064 sequences processed in total

