
SUMMARISING RUN PARAMETERS
==========================
Input filename: /home/nikita.arya/GG20_analysis_NEW/raw_reads/51207407721-Stage-4-seeds-NCGM-4188_L001_R1_001.fastq.gz
Trimming mode: paired-end
Trim Galore version: 0.6.10
Cutadapt version: 5.2
Python version: could not detect
Number of cores used for trimming: 4
Quality Phred score cutoff: 20
Quality encoding type selected: ASCII+33
Using Illumina adapter for trimming (count: 117777). Second best hit was smallRNA (count: 6)
Adapter sequence: 'AGATCGGAAGAGC' (Illumina TruSeq, Sanger iPCR; auto-detected)
Maximum trimming error rate: 0.1 (default)
Minimum required adapter overlap (stringency): 1 bp
Minimum required sequence length for both reads before a sequence pair gets removed: 20 bp
Running FastQC on the data once trimming has completed
Output file will be GZIP compressed


This is cutadapt 5.2 with Python 3.12.12
Command line parameters: -j 4 -e 0.1 -q 20 -O 1 -a AGATCGGAAGAGC /home/nikita.arya/GG20_analysis_NEW/raw_reads/51207407721-Stage-4-seeds-NCGM-4188_L001_R1_001.fastq.gz
Processing single-end reads on 4 cores ...

=== Summary ===

Total reads processed:              68,181,858
Reads with adapters:                30,557,206 (44.8%)
Reads written (passing filters):    68,181,858 (100.0%)

Total basepairs processed: 10,227,278,700 bp
Quality-trimmed:               1,201,491 bp (0.0%)
Total written (filtered):  9,935,944,922 bp (97.2%)

=== Adapter 1 ===

Sequence: AGATCGGAAGAGC; Type: regular 3'; Length: 13; Trimmed: 30557206 times

Minimum overlap: 1
No. of allowed errors:
1-9 bp: 0; 10-13 bp: 1

Bases preceding removed adapters:
  A: 25.3%
  C: 30.5%
  G: 25.8%
  T: 18.4%
  none/other: 0.0%

Overview of removed sequences
length	count	expect	max.err	error counts
1	13575066	17045464.5	0	13575066
2	3793657	4261366.1	0	3793657
3	1391665	1065341.5	0	1391665
4	604282	266335.4	0	604282
5	467949	66583.8	0	467949
6	401102	16646.0	0	401102
7	392166	4161.5	0	392166
8	379748	1040.4	0	379748
9	371090	260.1	0	369033 2057
10	374353	65.0	1	367015 7338
11	350961	16.3	1	344700 6261
12	357017	4.1	1	349528 7489
13	336657	1.0	1	329405 7252
14	350309	1.0	1	342084 8225
15	336568	1.0	1	328648 7920
16	330007	1.0	1	322626 7381
17	333289	1.0	1	325926 7363
18	316423	1.0	1	309621 6802
19	306538	1.0	1	300454 6084
20	290531	1.0	1	284834 5697
21	286214	1.0	1	280259 5955
22	287089	1.0	1	280917 6172
23	259048	1.0	1	253981 5067
24	259549	1.0	1	254296 5253
25	251905	1.0	1	247024 4881
26	244877	1.0	1	240106 4771
27	237554	1.0	1	232971 4583
28	225693	1.0	1	221403 4290
29	219291	1.0	1	215153 4138
30	206607	1.0	1	202753 3854
31	189769	1.0	1	186197 3572
32	184516	1.0	1	180581 3935
33	173725	1.0	1	170218 3507
34	171367	1.0	1	167470 3897
35	161746	1.0	1	158663 3083
36	152722	1.0	1	149527 3195
37	147747	1.0	1	144785 2962
38	138932	1.0	1	136349 2583
39	129486	1.0	1	126861 2625
40	121932	1.0	1	119804 2128
41	113286	1.0	1	110111 3175
42	104046	1.0	1	102148 1898
43	96055	1.0	1	93996 2059
44	89580	1.0	1	87917 1663
45	82894	1.0	1	81527 1367
46	74386	1.0	1	73148 1238
47	69843	1.0	1	68721 1122
48	62412	1.0	1	61474 938
49	59256	1.0	1	58294 962
50	57035	1.0	1	55313 1722
51	51429	1.0	1	50601 828
52	49253	1.0	1	48488 765
53	42974	1.0	1	42228 746
54	41619	1.0	1	40900 719
55	38365	1.0	1	37744 621
56	35794	1.0	1	35189 605
57	33198	1.0	1	32684 514
58	30849	1.0	1	30340 509
59	28614	1.0	1	28019 595
60	25202	1.0	1	24223 979
61	22750	1.0	1	21821 929
62	20874	1.0	1	20184 690
63	19021	1.0	1	18176 845
64	16624	1.0	1	16058 566
65	16653	1.0	1	15009 1644
66	13913	1.0	1	13517 396
67	11440	1.0	1	11165 275
68	11932	1.0	1	10897 1035
69	10151	1.0	1	9663 488
70	8127	1.0	1	7792 335
71	7373	1.0	1	6988 385
72	7098	1.0	1	6914 184
73	6658	1.0	1	6434 224
74	6047	1.0	1	5768 279
75	5400	1.0	1	5244 156
76	5157	1.0	1	4883 274
77	4463	1.0	1	4372 91
78	4586	1.0	1	4499 87
79	3965	1.0	1	3885 80
80	3853	1.0	1	3789 64
81	3506	1.0	1	3453 53
82	3273	1.0	1	3171 102
83	2943	1.0	1	2851 92
84	2700	1.0	1	2627 73
85	2184	1.0	1	2103 81
86	2276	1.0	1	2193 83
87	2234	1.0	1	2082 152
88	2035	1.0	1	1880 155
89	1847	1.0	1	1751 96
90	1841	1.0	1	1709 132
91	1591	1.0	1	1537 54
92	1544	1.0	1	1475 69
93	1436	1.0	1	1383 53
94	1265	1.0	1	1161 104
95	1389	1.0	1	1080 309
96	1077	1.0	1	961 116
97	1279	1.0	1	977 302
98	1020	1.0	1	848 172
99	1353	1.0	1	783 570
100	987	1.0	1	819 168
101	827	1.0	1	785 42
102	812	1.0	1	679 133
103	673	1.0	1	596 77
104	669	1.0	1	521 148
105	689	1.0	1	371 318
106	815	1.0	1	309 506
107	1352	1.0	1	288 1064
108	438	1.0	1	221 217
109	371	1.0	1	247 124
110	283	1.0	1	210 73
111	281	1.0	1	216 65
112	288	1.0	1	229 59
113	287	1.0	1	177 110
114	306	1.0	1	162 144
115	442	1.0	1	142 300
116	358	1.0	1	208 150
117	557	1.0	1	136 421
118	841	1.0	1	117 724
119	367	1.0	1	103 264
120	277	1.0	1	108 169
121	200	1.0	1	80 120
122	137	1.0	1	93 44
123	152	1.0	1	95 57
124	199	1.0	1	94 105
125	566	1.0	1	74 492
126	129	1.0	1	55 74
127	236	1.0	1	69 167
128	172	1.0	1	73 99
129	291	1.0	1	82 209
130	201	1.0	1	61 140
131	203	1.0	1	81 122
132	149	1.0	1	101 48
133	120	1.0	1	82 38
134	208	1.0	1	141 67
135	223	1.0	1	155 68
136	255	1.0	1	178 77
137	250	1.0	1	171 79
138	346	1.0	1	147 199
139	237	1.0	1	148 89
140	193	1.0	1	131 62
141	553	1.0	1	201 352
142	192	1.0	1	114 78
143	179	1.0	1	126 53
144	215	1.0	1	164 51
145	291	1.0	1	144 147
146	260	1.0	1	200 60
147	235	1.0	1	60 175
148	110	1.0	1	7 103
149	115	1.0	1	0 115
150	554	1.0	1	0 554

RUN STATISTICS FOR INPUT FILE: /home/nikita.arya/GG20_analysis_NEW/raw_reads/51207407721-Stage-4-seeds-NCGM-4188_L001_R1_001.fastq.gz
=============================================
68181858 sequences processed in total

