
SUMMARISING RUN PARAMETERS
==========================
Input filename: /home/nikita.arya/GG20_analysis_NEW/raw_reads/51207407722-pegs-NCGM-4188_L001_R2_001.fastq.gz
Trimming mode: paired-end
Trim Galore version: 0.6.10
Cutadapt version: 5.2
Python version: could not detect
Number of cores used for trimming: 4
Quality Phred score cutoff: 20
Quality encoding type selected: ASCII+33
Using Illumina adapter for trimming (count: 88076). Second best hit was smallRNA (count: 8)
Adapter sequence: 'AGATCGGAAGAGC' (Illumina TruSeq, Sanger iPCR; auto-detected)
Maximum trimming error rate: 0.1 (default)
Minimum required adapter overlap (stringency): 1 bp
Minimum required sequence length for both reads before a sequence pair gets removed: 20 bp
Running FastQC on the data once trimming has completed
Output file will be GZIP compressed


This is cutadapt 5.2 with Python 3.12.12
Command line parameters: -j 4 -e 0.1 -q 20 -O 1 -a AGATCGGAAGAGC /home/nikita.arya/GG20_analysis_NEW/raw_reads/51207407722-pegs-NCGM-4188_L001_R2_001.fastq.gz
Processing single-end reads on 4 cores ...

=== Summary ===

Total reads processed:              35,043,064
Reads with adapters:                16,204,894 (46.2%)
Reads written (passing filters):    35,043,064 (100.0%)

Total basepairs processed: 5,256,459,600 bp
Quality-trimmed:                 674,763 bp (0.0%)
Total written (filtered):  5,139,802,809 bp (97.8%)

=== Adapter 1 ===

Sequence: AGATCGGAAGAGC; Type: regular 3'; Length: 13; Trimmed: 16204894 times

Minimum overlap: 1
No. of allowed errors:
1-9 bp: 0; 10-13 bp: 1

Bases preceding removed adapters:
  A: 30.3%
  C: 26.1%
  G: 27.8%
  T: 15.7%
  none/other: 0.0%

Overview of removed sequences
length	count	expect	max.err	error counts
1	8107327	8760766.0	0	8107327
2	2417806	2190191.5	0	2417806
3	928980	547547.9	0	928980
4	337889	136887.0	0	337889
5	211297	34221.7	0	211297
6	167954	8555.4	0	167954
7	167157	2138.9	0	167157
8	162883	534.7	0	162883
9	155695	133.7	0	154790 905
10	158537	33.4	1	155427 3110
11	149151	8.4	1	146614 2537
12	152046	2.1	1	149428 2618
13	142314	0.5	1	140189 2125
14	145227	0.5	1	142464 2763
15	137893	0.5	1	135767 2126
16	136798	0.5	1	134509 2289
17	133268	0.5	1	130893 2375
18	125798	0.5	1	123983 1815
19	123800	0.5	1	121566 2234
20	113678	0.5	1	112145 1533
21	110462	0.5	1	108805 1657
22	108862	0.5	1	107305 1557
23	106041	0.5	1	104411 1630
24	102438	0.5	1	100738 1700
25	96982	0.5	1	95631 1351
26	94448	0.5	1	92973 1475
27	90727	0.5	1	89304 1423
28	84771	0.5	1	83494 1277
29	81161	0.5	1	79985 1176
30	78607	0.5	1	77417 1190
31	70803	0.5	1	69910 893
32	71519	0.5	1	70334 1185
33	62496	0.5	1	61710 786
34	62023	0.5	1	60951 1072
35	57163	0.5	1	56421 742
36	52922	0.5	1	52269 653
37	52470	0.5	1	51746 724
38	49177	0.5	1	48537 640
39	47489	0.5	1	46762 727
40	41026	0.5	1	40521 505
41	39745	0.5	1	39224 521
42	38621	0.5	1	38083 538
43	32688	0.5	1	32289 399
44	34510	0.5	1	33966 544
45	26048	0.5	1	25721 327
46	24706	0.5	1	24363 343
47	28188	0.5	1	27750 438
48	20275	0.5	1	19967 308
49	20597	0.5	1	20343 254
50	19019	0.5	1	18778 241
51	17738	0.5	1	17499 239
52	16822	0.5	1	16512 310
53	15128	0.5	1	14915 213
54	14426	0.5	1	14224 202
55	12599	0.5	1	12451 148
56	12472	0.5	1	12299 173
57	12989	0.5	1	12791 198
58	9577	0.5	1	9453 124
59	9697	0.5	1	9553 144
60	9036	0.5	1	8905 131
61	7707	0.5	1	7606 101
62	7303	0.5	1	7208 95
63	6791	0.5	1	6697 94
64	5798	0.5	1	5642 156
65	5319	0.5	1	5247 72
66	4757	0.5	1	4688 69
67	4447	0.5	1	4327 120
68	4129	0.5	1	4058 71
69	3693	0.5	1	3627 66
70	3092	0.5	1	3030 62
71	3099	0.5	1	2959 140
72	2782	0.5	1	2729 53
73	2763	0.5	1	2682 81
74	2420	0.5	1	2381 39
75	2010	0.5	1	1975 35
76	1971	0.5	1	1929 42
77	1786	0.5	1	1762 24
78	1644	0.5	1	1616 28
79	1645	0.5	1	1607 38
80	1412	0.5	1	1380 32
81	1367	0.5	1	1314 53
82	1228	0.5	1	1205 23
83	1116	0.5	1	1096 20
84	1026	0.5	1	1001 25
85	817	0.5	1	774 43
86	860	0.5	1	830 30
87	733	0.5	1	713 20
88	710	0.5	1	691 19
89	747	0.5	1	664 83
90	658	0.5	1	631 27
91	599	0.5	1	578 21
92	591	0.5	1	563 28
93	509	0.5	1	461 48
94	432	0.5	1	398 34
95	428	0.5	1	398 30
96	406	0.5	1	383 23
97	417	0.5	1	397 20
98	366	0.5	1	320 46
99	324	0.5	1	293 31
100	270	0.5	1	254 16
101	273	0.5	1	253 20
102	264	0.5	1	246 18
103	257	0.5	1	224 33
104	161	0.5	1	135 26
105	152	0.5	1	130 22
106	142	0.5	1	114 28
107	108	0.5	1	96 12
108	118	0.5	1	89 29
109	104	0.5	1	94 10
110	72	0.5	1	64 8
111	76	0.5	1	55 21
112	101	0.5	1	69 32
113	66	0.5	1	48 18
114	104	0.5	1	60 44
115	71	0.5	1	29 42
116	83	0.5	1	57 26
117	83	0.5	1	65 18
118	59	0.5	1	37 22
119	59	0.5	1	31 28
120	54	0.5	1	39 15
121	43	0.5	1	32 11
122	55	0.5	1	38 17
123	59	0.5	1	25 34
124	52	0.5	1	34 18
125	96	0.5	1	27 69
126	46	0.5	1	25 21
127	54	0.5	1	32 22
128	63	0.5	1	43 20
129	73	0.5	1	45 28
130	37	0.5	1	20 17
131	51	0.5	1	41 10
132	64	0.5	1	48 16
133	67	0.5	1	46 21
134	72	0.5	1	49 23
135	128	0.5	1	74 54
136	85	0.5	1	58 27
137	117	0.5	1	86 31
138	94	0.5	1	74 20
139	75	0.5	1	65 10
140	77	0.5	1	55 22
141	159	0.5	1	117 42
142	89	0.5	1	68 21
143	94	0.5	1	76 18
144	123	0.5	1	112 11
145	99	0.5	1	77 22
146	139	0.5	1	126 13
147	149	0.5	1	60 89
148	40	0.5	1	13 27
149	17	0.5	1	0 17
150	32	0.5	1	2 30

RUN STATISTICS FOR INPUT FILE: /home/nikita.arya/GG20_analysis_NEW/raw_reads/51207407722-pegs-NCGM-4188_L001_R2_001.fastq.gz
=============================================
35043064 sequences processed in total

Total number of sequences analysed for the sequence pair length validation: 35043064

Number of sequence pairs removed because at least one read was shorter than the length cutoff (20 bp): 2568 (0.01%)
